10,201
10,292
10,67
10,83
10,225
10,134
10,253
10,113
11,8
11,7
11,27
11,24
11,5
11,20
8,6
8,5
37,4
37,3
37,2
37,1
37,0
36,4
36,3
36,2
36,1
36,0
35,4
35,3
35,2
35,1
35,0
32,3
32,2
32,1
32,0
20,2
20,1
12,3
20,3
12,2
12,1
11,30
11,22
11,19
19,2
19,1
11,18
19,3
11,16
11,15
11,11
11,10
11,3
11,2
11,1
10,316
10,315
10,314
10,313
10,312
10,311
10,289
10,280
10,264
10,219
10,203
10,151
10,102
18,1
10,21
10,3
10,2
18,3
10,1
9,7
9,6
9,4
9,3
14,1
9,2
9,1
8,18
8,17
14,3
13,1
8,14
8,13
8,11
8,8
8,3
13,3
8,2
8,1
3,3
3,2
